30
0
630
360
450
240
510
90
270
60
510
300
480
600
660
300
930
30
0
60
180
0
450
90
900
360
810
600
90
810
0
240
360
150
90
120
30
720
180
330
630
300
270
630
300
870
480
750
240
330
450
420
510
60
570
90
360
0
240
690
690
690
840
660
240
570
780
390
780
600
870
210
120
270
360
120
390
180
150
630
720
150
180
600
150
510
30
510
330
60
180
300
120
870
510
690
240
330
90
420
420
270
120
510
750
30
630
660
30
270
0
420
540
510
240
120
60
90
210
390
60
540
120
150
780
450
330
210
480
300
480
570
330
180
540
30
390
570
300
870
600
330
690
60
150
0
0
240
300
120
300
30
120
240
330
510
600
630
120
390
600
270
90
630
540
570
540
660
690
690
510
510
30
780
0
270
300
240
720
180
90
60
240
210
90
30
0
240
360
720
0
240
720
0
120
690
30
420
60
570
120
180
90
360
540
180
750
180
240
330
510
210
450
480
600
180
30
90
90
420
210
150
600
450
330
780
360
210
630
30
120
240
150
630
450
570
30
600
630
120
60
480
780
240
300
330
870
600
420
120
240
90
60
150
660
360
180
360
390
810
270
90
60
480
510
120
90
120
210
540
90
330
870
420
750
930
900
0
0
810
840
690
0
60
0
270
150
180
210
0
810
360
780
240
540
330
360
210
300
570
450
570
0
0
150
690
600
330
660
120
30
690
450
270
0
480
0
300
240
30
330
780
390
780
120
450
60
810
210
210
630
270
480
240
600
210
30
30
0
0
570
60
90
270
450
0
30
360
540
180
630
0
0
90
0
480
690
180
870
0
60
570
510
150
720
150
720
0
30
360
330
840
0
240
60
120
390
0
0
270
480
540
690
450
60
30
0
90
660
420
390
240
630
570
0
540
480
720
0
270
210
0
900
240
840
330
330
0
570
840
0
0
0
510
420
360
30
0
270
0
0
0
0
210
600
60
120
0
150
540
90
600
150
30
480
870
30
150
30
240
660
180
720
600
720
0
0
0
60
0
0
60
510
210
0
300
90
60
60
390
330
0
150
0
90
150
210
270
0
360
0
210
0
570
450
0
180
30
60
450
360
390
510
300
0
0
150
30
0
480
600
810
0
150
0
0
0
0
300
210
30
120
30
120
240
390
600
150
600
210
840
630
270
30
270
120
0
30
60
0
540
0
660
0
0
0
690
0
30
90
0
60
300
210
150
120
30
180
0
240
90
180
60
270
210
150
270
240
120
300
330
450
390
480
420
360
630
600
510
540
570
690
660
750
810
870
30
60
0
90
180
150
900
720
120
330
210
450
300
360
810
840
390
270
420
510
540
600
480
630
690
570
0
720
780
660
750
30
90
60
120
180
210
240
150
270
300
450
510
570
540
660
30
0
60
90
780
150
120
180
210
240
270
300
330
840
810
390
360
660
450
840
630
720
690
600
750
480
810
420
780
540
510
60
30
0
570
90
120
150
180
330
270
210
360
390
240
420
300
570
450
510
480
540
600
630
660
720
780
690
750
0
840
240
420
390
690
660
150
0
780
30
60
0
60
30
90
120
120
90
150
180
210
270
240
330
360
300
510
390
570
630
690
420
540
450
720
960
810
750
840
870
930
900
0
60
90
30
120
180
150
210
240
330
390
300
270
30
0
360
0
0
150
30
0
90
60
0
60
30
0
0
120
180
210
270
60
90
90
30
300
150
360
420
450
600
270
30
240
30
120
60
150
30
180
240
390
330
210
600
0
150
120
480
330
60
390
660
30
150
30
540
120
600
0
30
90
120
150
90
30
120
0
150
60
180
210
270
240
300
360
480
510
390
450
540
570
600
660
690
630
720
750
780
810
840
900
870
120
30
60
90
30
180
330
240
90
90
240
330
360
390
330
60
210
0
0
30
480
420
30
450
600
480
120
540
510
330
450
240
150
360
570
420
630
30
30
0
60
0
90
30
300
150
180
120
270
210
60
90
240
0
120
180
30
210
300
240
270
150
330
450
360
480
600
630
390
570
690
510
780
720
750
540
930
660
810
60
30
0
870
900
240
180
90
840
150
120
210
270
360
300
330
450
420
390
480
810
510
540
660
570
720
600
690
750
240
300
330
360
390
510
630
540
570
480
600
420
660
720
750
450
690
810
780
870
840
0
900
120
60
90
180
30
210
150
270
300
330
240
360
390
450
480
420
510
570
540
660
600
630
780
840
750
810
720
690
0
60
30
90
120
180
150
210
330
300
390
270
420
360
240
480
540
570
450
690
510
840
720
30
870
60
90
0
180
150
120
210
270
240
330
300
360
390
420
480
450
540
510
570
630
600
690
750
660
720
780
810
150
0
30
120
30
60
120
180
150
210
240
270
360
330
300
390
450
420
480
510
570
540
600
660
630
720
690
750
780
810
960
840
900
870
930
0
60
30
120
180
150
210
240
270
330
390
360
0
30
150
0
60
120
0
0
60
30
180
420
150
